1041
1465
2470
1062
2942
708
532
496
836
677
1007
222
614
992
233
257
1125
1364
813
688
734
218
2711
675
430
849
408
751
1224
767
1068
1403
627
1047
999
1350
869
468
1671
379
662
1622
431
825
261
1254
1854
589
716
724
1050
244
618
1113
803
500
715
807
1053
624
240
1830
1927
4265
1097
326
612
1410
435
821
422
401
417
906
353
364
1075
1589
663
559
353
591
1553
1354
889
714
159
419
1655
1017
1342
450
340
731
1251
174
626
665
2576
314
336
739
3934
790
324
545
1701
653
1109
695
473
1361
750
1451
412
635
884
1114
693
1288
202
338
2432
858
704
852
582
338
339
473
1187
2159
665
1391
1031
143
435
545
378
850
340
359
920
735
534
185
924
1281
319
509
634
512
1685
1304
500
140
394
1332
355
422
2033
496
389
417
660
521
686
1172
1389
1801
1389
458
972
1048
192
1320
259
1392
638
280
2085
340
632
494
622
410
986
1389
1042
275
330
1104
199
953
1087
939
307
1093
1287
1053
583
931
687
432
964
636
422
435
709
474
1552
1606
373
1368
361
1369
1190
321
496
1500
647
1089
2259
453
400
1322
795
358
478
1479
1281
279
483
717
868
886
883
1702
666
384
876
888
779
546
777
337
844
373
441
702
617
551
432
436
791
1814
199
314
231
2202
630
1474
1303
1747
2377
1636
164
717
745
355
150
1111
425
300
391
640
672
262
786
1437
306
1121
752
962
436
2237
293
1444
998
341
655
463
474
1120
1029
1040
812
1033
444
2858
683
1234
348
394
1977
521
485
961
484
316
279
816
575
395
336
2007
1491
469
766
689
1241
540
412
3249
710
953
617
737
553
456
462
1296
659
169
2216
614
1440
321
1313
164
622
229
885
1332
1049
867
1319
383
928
763
685
445
670
973
950
298
396
918
835
724
1078
1208
273
420
1465
643
288
829
1422
256
357
1083
382
408
368
1034
1048
651
1744
1180
1126
1476
843
1219
493
436
469
743
842
542
1171
2038
1048
811
763
176
1817
938
209
754
255
373
775
834
1330
900
132
545
1453
591
533
828
3913
492
405
856
1603
755
432
1698
1104
300
1825
1385
807
513
381
1013
381
392
435
798
206
262
446
715
348
610
673
542
433
753
419
1494
294
706
